00:00:00:00:00:04
00:00:00:00:00:14
00:00:00:00:00:16
00:00:00:00:00:27
00:00:00:00:00:32
